977980202 50.58 nan
977980226 51.11 nan
977980250 50.95 nan
977980274 50.74 nan
977980298 50.59 nan
977980322 50.44 nan
977980346 50.08 nan
977980370 48.88 nan
977980394 48.52 nan
977980418 50.77 nan
977980442 51.39 nan
977980466 51.6 nan
977980490 51.52 nan
977980514 51.74 nan
977980538 50.65 nan
977980562 51.04 nan
977980586 50.43 nan
977980610 50.97 nan
977980634 51.17 nan
977980658 52.65 nan
977980682 53.31 nan
977980706 51.31 nan
977980730 50.9 nan
977980754 51.58 nan
977980778 51.59 nan
977980802 51.74 nan
977980826 52.19 nan
977980850 52.08 nan
977980874 50.36 nan
977980898 51.16 nan
977980922 51.74 nan
977980946 51.99 nan
977980970 52.81 nan
977980994 51.77 nan
977981018 51.37 nan
977981042 52.94 nan
977981066 53.43 nan
977981090 52.54 nan
977981114 52.7 nan
977981138 52.74 nan
977981162 52 nan
977981186 51.95 nan
977981210 52.04 nan
977981234 53.61 nan
977981258 53.35 nan
977981282 53.25 nan
977981306 53.49 nan
977981330 53.16 nan
977981354 53.56 nan
977981378 53.73 nan
977981402 53.58 nan
977981426 54.28 nan
977981450 53.29 nan
977981474 53.91 nan
977981498 53.57 nan
977981522 53.13 nan
977981546 53.41 nan
977981570 53.77 nan
977981594 54.2 nan
977981618 54.74 nan
977981642 54.7 nan
977981666 55.37 nan
977981690 54.68 nan
977981714 54.1 nan
977981738 54.72 nan
977981762 55.85 nan
977981786 56.46 nan
977981810 57.34 nan
977981834 58.45 nan
977981858 57.44 nan
977981882 57.3 nan
977981906 57.91 nan
977981930 58.13 nan
977981954 58.41 nan
977981978 57.76 nan
977982002 57.6 nan
977982026 57.29 nan
977982050 58.07 nan
977982074 58.55 nan
977982098 58.78 nan
977982122 58.53 nan
977982146 59.13 nan
977982170 59.15 nan
977982194 58.63 nan
977982218 58.75 nan
977982242 58.11 nan
977982266 59.03 nan
977982290 60.94 nan
977982314 60.99 nan
977982338 61.02 nan
977982362 61.47 nan
977982386 62.17 nan
977982410 62.54 nan
977982434 62.98 nan
977982458 62.88 nan
977982482 63.21 nan
977982506 63.63 nan
977982530 64.28 nan
977982554 64.19 nan
977982578 64.36 nan
977982602 63.92 nan
977982626 63.99 nan
977982650 64.79 nan
977982674 65.11 nan
977982698 65.3 nan
977982722 65.6 nan
977982746 66.38 nan
977982770 66.23 nan
977982794 65.67 nan
977982818 65.96 nan
977982842 66.5 nan
977982866 66.62 nan
977982890 67.43 nan
977982914 67.46 nan
977982938 67.23 nan
977982962 67.56 nan
977982986 67.7 nan
977983010 68.21 nan
977983034 68.58 nan
977983058 69.04 nan
977983082 69.55 nan
977983106 69.65 nan
977983130 69.6 nan
977983154 69.91 nan
977983178 69.82 nan
977983202 70.08 nan
977983226 70.41 nan
977983250 70.23 nan
977983274 70.61 nan
977983298 71.42 nan
977983322 72.15 nan
977983346 72.04 nan
977983370 71.88 nan
977983394 71.54 nan
977983418 71.37 nan
977983442 71.8 nan
977983466 72.92 nan
977983490 73.08 nan
977983514 73.59 nan
977983538 74.02 nan
977983562 74.43 nan
977983586 75.22 nan
977983610 75.36 nan
977983634 75.26 nan
977983658 75.64 nan
977983682 76.2 nan
977983706 76.36 nan
977983730 76.46 nan
977983754 76.73 nan
977983778 77.07 nan
977983802 76.96 nan
977983826 77.34 nan
977983850 77.73 nan
977983874 77.82 nan
977983898 78.11 nan
977983922 78.26 nan
977983946 78.38 nan
977983970 78.51 nan
977983994 78.71 nan
977984018 79.07 nan
977984042 79.23 nan
977984066 79.83 nan
977984090 79.87 nan
977984114 80.11 nan
977984138 80.5 nan
977984162 80.98 nan
977984186 81.04 nan
977984210 81.3 nan
977984234 81.43 nan
977984258 80.96 nan
977984282 81.19 nan
977984306 81.46 nan
977984330 81.69 nan
977984354 82.19 nan
977984378 82.58 nan
977984402 82.72 nan
977984426 83.14 nan
977984450 83.44 nan
977984474 83.4 nan
977984498 83.47 nan
977984522 83.9 nan
977984546 84.23 nan
977984570 84.22 nan
977984594 84.18 nan
977984618 84.36 nan
977984642 84.7 nan
977984666 84.78 nan
977984690 85.34 nan
977984714 85.21 nan
977984738 85.63 nan
977984762 85.88 nan
977984786 86.12 nan
977984810 86.53 nan
977984834 86.84 nan
977984858 86.87 nan
977984882 86.94 nan
977984906 87.25 nan
977984930 87.46 nan
977984954 87.71 nan
977984978 88.19 nan
977985002 88.55 nan
977985026 88.27 nan
977985050 88.6 nan
977985074 88.98 nan
977985098 88.63 nan
977985122 88.65 nan
977985146 89.13 nan
977985170 89.45 nan
977985194 89.64 nan
977985218 89.77 nan
977985242 89.46 nan
977985266 90.02 nan
977985290 90.25 nan
977985314 90.47 nan
977985338 90.54 nan
977985362 90.79 nan
977985386 91.29 nan
977985410 91.55 nan
977985434 91.86 nan
977985458 92.17 nan
977985482 92.11 nan
977985506 92.42 nan
977985530 92.47 nan
977985554 92.3 nan
977985578 92.72 nan
977985602 92.93 nan
977985626 93.01 nan
977985650 93.51 nan
977985674 93.45 nan
977985698 93.68 nan
977985722 92.9 nan
977985746 94.13 nan
977985770 94.57 nan
977985794 95.05 nan
977985818 95.33 nan
977985842 92.02 nan
977985866 92.33 nan
977985890 93.29 nan
977985914 92.63 nan
977985938 93.51 nan
977985962 94.88 nan
977985986 95.49 nan
977986010 95.69 nan
977986034 95.95 nan
977986058 96.34 nan
977986082 96.76 nan
977986106 97.31 nan
977986130 97.36 nan
977986154 97.2 nan
977986178 97.18 nan
977986202 96.84 nan
977986226 96.88 nan
977986250 95.88 nan
977986274 93.8 nan
977986298 95.95 nan
977986322 96.67 nan
977986346 97.36 nan
977986370 97.87 nan
977986394 99.04 nan
977986418 99.45 nan
977986442 99.5 nan
977986466 99.84 nan
977986490 99.51 nan
977986514 99.77 nan
977986538 100.02 nan
977986562 100 nan
977986586 99.94 nan
977986610 99.92 nan
977986634 100.47 nan
977986658 100.67 nan
977986682 100.59 nan
977986706 100.62 nan
977986730 100.99 nan
977986754 101.09 nan
977986778 101.44 nan
977986802 101.84 nan
977986826 102.21 nan
977986850 102.52 nan
977986874 102.61 nan
977986898 102.9 nan
977986922 103.07 nan
977986946 103.35 nan
977986970 103.4 nan
977986994 103.52 nan
977987018 103.88 nan
977987042 103.94 nan
977987066 104.13 nan
977987090 104.37 nan
977987114 104.38 nan
977987138 104.45 nan
977987162 104.36 nan
977987186 104.66 nan
977987210 104.73 nan
977987234 104.92 nan
977987258 104.94 nan
977987282 104.84 nan
977987306 105.08 nan
977987330 105.27 nan
977987354 105.56 nan
977987378 105.68 nan
977987402 105.82 nan
977987426 105.79 nan
977987450 105.77 nan
977987474 106.04 nan
977987498 106.02 nan
977987522 106.07 nan
977987546 106.34 nan
977987570 106.52 nan
977987594 106.32 nan
977987618 106.34 nan
977987642 106.65 nan
977987666 106.62 nan
977987690 106.91 nan
977987714 106.9 nan
977987738 106.99 nan
977987762 107.31 nan
977987786 107.63 nan
977987810 107.54 nan
977987834 107.27 nan
977987858 107.47 nan
977987882 107.59 nan
977987906 107.2 nan
977987930 107.94 nan
977987954 108.01 nan
977987978 108.03 nan
977988002 108.38 nan
977988026 108.54 nan
977988050 108.2 nan
977988074 108.06 nan
977988098 108.37 nan
977988122 107.86 nan
977988146 108.52 nan
977988170 108.5 nan
977988194 108.48 nan
977988218 108.75 nan
977988242 109.1 nan
977988266 109.11 nan
977988290 109.04 nan
977988314 109.19 nan
977988338 109.31 nan
977988362 109.02 nan
977988386 109.19 nan
977988410 109.3 nan
977988434 109.27 nan
977988458 109.48 nan
977988482 109.66 nan
977988506 109.41 nan
977988530 109.36 nan
977988554 109.4 nan
977988578 109.43 nan
977988602 109.61 nan
977988626 109.6 nan
977988650 109.4 nan
977988674 109.89 nan
977988698 110.06 nan
977988722 110.11 nan
977988746 110.16 nan
977988770 110.46 nan
977988794 110.76 nan
977988818 110.47 nan
977988842 110.76 nan
977988866 110.68 nan
977988890 110.75 nan
977988914 111.09 nan
977988938 111.17 nan
977988962 110.97 nan
977988986 111.02 nan
977989010 111.14 nan
977989034 111.37 nan
977989058 111.38 nan
977989082 111.45 nan
977989106 111.54 nan
977989130 111.87 nan
977989154 111.83 nan
977989178 111.9 nan
977989202 111.88 nan
977989226 112 nan
977989250 112.08 nan
977989274 111.91 nan
977989298 112.12 nan
977989322 112.22 nan
977989346 112.13 nan
977989370 112.17 nan
977989394 112.44 nan
977989418 112.29 nan
977989442 112.26 nan
977989466 112.25 nan
977989490 112.35 nan
977989514 112.21 nan
977989538 112.35 nan
977989562 112.08 nan
977989586 112.39 nan
977989610 112.49 nan
977989634 112.62 nan
977989658 112.34 nan
977989682 112.55 nan
977989706 112.64 nan
977989730 112.38 nan
977989754 112.57 nan
977989778 112.74 nan
977989802 112.61 nan
977989826 112.63 nan
977989850 112.62 nan
977989874 111.76 nan
977989898 111.47 nan
977989922 111.56 nan
977989946 112.1 nan
977989970 112.44 nan
977989994 112.43 nan
977990018 112.23 nan
977990042 112.25 nan
977990066 112.37 nan
977990090 112.24 7.5
977990114 112.1 7.4086
977990474 109.63 6.0457
977990498 110.34 5.9557
977990522 110.45 5.8657
977990546 110.17 5.7757
977990570 109.99 5.6871
977990594 109.82 5.5971
977990618 109.92 5.5086
977990642 109.71 5.42
977990666 109.14 5.33
977990690 108.64 5.2414
977990714 108.47 5.1543
977990738 108.11 5.0657
977990762 107.59 4.9786
977990786 107.53 4.89
977990810 106.77 4.8029
977990834 106.56 4.7171
977990858 106.1 4.63
977990882 105.61 4.5429
977990906 105.17 4.4571
977990930 104.38 4.37
977990954 104.09 4.2857
977990978 103.56 4.2
977991002 102.84 4.1171
977991026 102.06 4.0314
977991050 101.64 3.95
977991074 101.71 3.8657
977991098 100.52 3.7829
977991122 100.41 3.7
977991146 99.73 3.62
977991170 97.95 3.54
977991194 97.59 3.46
977991218 96.64 3.38
977991242 93.91 3.3014
977991266 95.45 3.2243
977991290 93.69 3.15
977991314 91.29 3.0714
977991338 88.39 3
977991362 95.45 2.9257
977991386 95.5 2.8529
977991410 104.94 2.7814
977991434 106.96 2.7129
977991458 112.25 2.6471
977991482 117.74 2.58
977991506 124.32 2.5186
977991530 132.68 2.4557
977991554 140.98 2.3957
977991578 152.64 2.34
977991602 164.46 2.2814
977991626 176.65 2.23
977991650 189.99 2.18
977991674 201.49 2.1371
977991698 214.57 2.09
977991722 227.26 2.0514
977991746 239.41 2.02
977991770 250.72 1.99
977991794 261.19 1.96
977991818 270.7 1.9371
977991842 277.78 1.92
977991866 284.15 1.9
977991890 289.56 1.89
977991914 294.13 1.89
977991938 296.13 1.89
977991962 296.16 1.89
977991986 294.29 1.9
977992010 290 1.92
977992034 284.49 1.9357
977992058 278.57 1.96
977992082 270.42 1.9886
977992106 261.21 2.02
977992130 250.94 2.05
977992154 239.08 2.09
977992178 227.96 2.1357
977992202 217.74 2.18
977992226 208.72 2.23
977992250 201.39 2.28
977992274 194.36 2.3386
977992298 186.07 2.3943
977992322 177.91 2.4529
977992346 170.17 2.5157
977992370 164.36 2.58
977992394 159.46 2.6457
977992418 155.02 2.7114
977992442 150.72 2.78
977992466 146.48 2.8514
977992490 142.78 2.9243
977992514 138.3 2.9986
977992538 134.24 3.07
977992562 130.98 3.1471
977992586 129.23 3.2229
977992610 127.85 3.3
977992634 125.85 3.38
977992658 124.61 3.46
977992682 122.99 3.5386
977992706 121.39 3.62
977992730 120.58 3.7
977992754 119.47 3.7814
977992778 118.91 3.8643
977992802 118.03 3.9486
977992826 116.78 4.03
977992850 114.85 4.1157
977992874 113.88 4.2
977992898 113.23 4.2838
977992922 113 4.37
977992946 113.47 4.455
977992970 112.68 4.5413
977992994 108.72 4.6275
977993018 107.28 4.7137
977993042 112.08 4.8012
977993066 113.4 4.8887
977993090 113.75 4.9762
977993114 113.63 5.0637
977993138 113.51 5.1512
977993162 113.49 5.24
977993186 113.3 5.3287
977993210 113.13 5.4175
977993234 112.79 5.5063
977993258 112.59 5.595
977993282 112.44 5.685
977993306 112.66 5.7737
977993330 112.42 5.8637
977993354 112.31 5.9537
977993378 112.4 6.0437
977993402 112.53 6.1337
977993426 112.38 6.2237
977993450 112.19 6.3137
977993474 112.5 6.4037
977993498 112.31 6.495
977993522 112.17 6.585
977993546 111.87 6.6762
977993570 111.72 6.7675
977993594 111.24 6.8575
977993618 111 6.9488
977993642 110.97 7.04
977993666 111.09 7.1313
977993690 110.82 7.2225
977993714 110.8 7.315
977993738 110.78 nan
977993762 110.35 nan
977993786 110.18 nan
977993810 110.58 nan
977993834 110.74 nan
977993858 110.54 nan
977993882 109.74 nan
977993906 109.96 nan
977993930 110.05 nan
977993954 109.78 nan
977993978 109.5 nan
977994002 109.44 nan
977994026 109.53 nan
977994050 109.1 nan
977994074 109.07 nan
977994098 108.9 nan
977994122 108.85 nan
977994146 108.78 nan
977994170 108.48 nan
977994194 108.59 nan
977994218 108.28 nan
977994242 108.21 nan
977994266 108.03 nan
977994290 107.91 nan
977994314 108.13 nan
977994338 107.79 nan
977994362 107.75 nan
977994386 107.85 nan
977994410 107.58 nan
977994434 107.16 nan
977994458 107.18 nan
977994482 107.01 nan
977994506 106.88 nan
977994530 106.89 nan
977994554 106.76 nan
977994578 106.37 nan
977994602 106.21 nan
977994626 106.08 nan
977994650 106.06 nan
977994674 106.08 nan
977994698 105.79 nan
977994722 105.71 nan
977994746 105.83 nan
977994770 105.69 nan
977994794 105.34 nan
977994818 105.29 nan
977994842 105.45 nan
977994866 105 nan
977994890 104.56 nan
977994914 104.48 nan
977994938 104.48 nan
977994962 104.22 nan
977994986 104.08 nan
977995010 104.09 nan
977995034 103.89 nan
977995058 103.8 nan
977995082 103.71 nan
977995106 103.43 nan
977995130 103.27 nan
977995154 102.98 nan
977995178 102.76 nan
977995202 102.52 nan
977995226 102.44 nan
977995250 102.28 nan
977995274 102.2 nan
977995298 102.33 nan
977995322 101.91 nan
977995346 101.63 nan
977995370 101.66 nan
977995394 101.72 nan
977995418 101.62 nan
977995442 101.63 nan
977995466 101.29 nan
977995490 101.16 nan
977995514 101.02 nan
977995538 101.05 nan
977995562 100.78 nan
977995586 100.6 nan
977995610 100.38 nan
977995634 100.05 nan
977995658 100.08 nan
977995682 100.15 nan
977995706 99.89 nan
977995730 99.55 nan
977995754 99.6 nan
977995778 99.38 nan
977995802 99.08 nan
977995826 98.93 nan
977995850 98.99 nan
977995874 98.78 nan
977995898 98.59 nan
977995922 98.49 nan
977995946 98.36 nan
977995970 98.28 nan
977995994 98.3 nan
977996018 98.32 nan
977996042 97.98 nan
977996066 97.61 nan
977996090 97.35 nan
977996114 97.46 nan
977996138 97.54 nan
977996162 97.23 nan
977996186 96.99 nan
977996210 97.04 nan
977996234 96.86 nan
977996258 96.72 nan
977996282 96.51 nan
977996306 96.68 nan
977996330 96.67 nan
977996354 96.55 nan
977996378 96.2 nan
977996402 95.79 nan
977996426 95.26 nan
977996450 95.2 nan
977996474 94.94 nan
977996498 94.74 nan
977996522 94.72 nan
977996546 94.49 nan
977996570 94.22 nan
977996594 94.08 nan
977996618 94.05 nan
977996642 93.67 nan
977996666 93.62 nan
977996690 93.86 nan
977996714 94.09 nan
977996738 94.2 nan
977996762 94.05 nan
977996786 94.14 nan
977996810 94.27 nan
977996834 93.73 nan
977996858 93.56 nan
977996882 93.25 nan
977996906 93.16 nan
977996930 92.97 nan
977996954 92.99 nan
977996978 92.66 nan
977997002 92.72 nan
977997026 92.53 nan
977997050 92.38 nan
977997074 92.29 nan
977997098 92.14 nan
977997122 92.14 nan
977997146 91.86 nan
977997170 91.67 nan
977997194 91.24 nan
977997218 91.09 nan
977997242 90.92 nan
977997266 90.89 nan
977997290 90.81 nan
977997314 90.67 nan
977997338 90.71 nan
977997362 90.9 nan
977997386 90.81 nan
977997410 90.66 nan
977997434 90.58 nan
977997458 90.44 nan
977997482 89.95 nan
977997506 90.13 nan
977997530 90.11 nan
977997554 90.09 nan
977997578 90.01 nan
977997602 89.8 nan
977997626 89.87 nan
977997650 89.89 nan
977997674 89.95 nan
977997698 89.87 nan
977997722 89.79 nan
977997746 89.57 nan
977997770 89.67 nan
977997794 89.68 nan
977997818 89.83 nan
977997842 89.87 nan
977997866 89.72 nan
977997890 89.76 nan
977997914 89.8 nan
977997938 89.6 nan
977997962 89.76 nan
977997986 89.68 nan
977998010 89.38 nan
977998034 89.23 nan
977998058 89.2 nan
977998082 89.15 nan
977998106 89.06 nan
977998130 89.13 nan
977998154 89.33 nan
977998178 89.26 nan
977998202 89.18 nan
977998226 89.32 nan
977998250 89.17 nan
977998274 88.91 nan
977998298 88.71 nan
977998322 88.82 nan
977998346 89.1 nan
977998370 89.08 nan
977998394 89.06 nan
977998418 89.21 nan
977998442 89.5 nan
977998466 89.39 nan
977998490 89.17 nan
977998514 88.88 nan
977998538 88.92 nan
977998562 89.21 nan
977998586 89.18 nan
977998610 89.26 nan
977998634 89.42 nan
977998658 89.23 nan
977998682 89.67 nan
977998706 89.4 nan
977998730 89.07 nan
977998754 88.86 nan
977998778 88.9 nan
