951146099 58.713 nan
951146399 58.918 nan
951146699 58.598 nan
951146999 59.218 nan
951147299 60.378 nan
951147599 62.286 nan
951148499 70.795 nan
951148799 73.509 nan
951149099 76.409 nan
951149399 79.742 nan
951149699 83.174 nan
951149999 85.698 nan
951150299 88.604 nan
951150599 91.854 nan
951150899 94.743 nan
951151199 97.092 nan
951152099 105.48 nan
951152399 107.24 nan
951152699 109.14 nan
951152999 110.82 nan
951153299 112.3 nan
951153599 113.77 nan
951153899 115.41 nan
951154199 117.22 nan
951154499 118.65 nan
951154799 120.14 nan
951155099 121.22 nan
951155399 121.94 nan
951155699 122.9 nan
951155999 123.06 nan
951156299 123.38 nan
951156599 123.61 nan
951156899 123.73 nan
951157199 123.31 nan
951157499 123.39 nan
951157799 123.13 nan
951158099 123.82 nan
951158399 124.3 nan
951158699 123.89 nan
951158999 122.51 nan
951159299 120.79 nan
951159599 121.04 nan
951159899 120.94 nan
951160199 121.6 nan
951160499 120.88 nan
951160799 120.38 nan
951161099 120 nan
951161399 118.93 nan
951161699 117.65 nan
951161999 115.77 nan
