9.58793e+08 -18.6445 -0.509692 0.982295 27.808 18.6774 nan
9.58793e+08 -18.6002 -0.540978 0.979915 28.994 18.6338 nan
9.58793e+08 -18.5558 -0.572261 0.97753 31.555 18.5903 nan
9.58794e+08 -18.5112 -0.603542 0.97514 34.222 18.5467 nan
9.58794e+08 -18.4666 -0.63482 0.972746 35.225 18.5031 nan
9.58794e+08 -18.4219 -0.666096 0.970346 37.24 18.4595 nan
9.58795e+08 -18.3771 -0.697369 0.967942 39.039 18.4158 nan
9.58795e+08 -18.3322 -0.728639 0.965533 43.486 18.3721 nan
9.58795e+08 -18.2872 -0.759906 0.96312 47.924 18.3283 nan
9.58795e+08 -18.2422 -0.791169 0.960701 51.941 18.2846 nan
9.58796e+08 -18.197 -0.822429 0.958277 53.432 18.2407 nan
9.58796e+08 -18.1517 -0.853685 0.955849 56.175 18.1969 nan
9.58796e+08 -18.1064 -0.884938 0.953415 60.544 18.153 nan
9.58797e+08 -18.0609 -0.916186 0.950977 62.447 18.1091 nan
9.58797e+08 -18.0154 -0.947429 0.948533 64.776 18.0652 nan
9.58797e+08 -17.9697 -0.978668 0.946085 69.175 18.0212 nan
9.58798e+08 -17.924 -1.0099 0.943631 70.67 17.9772 nan
9.58798e+08 -17.8782 -1.04113 0.941172 74.019 17.9332 nan
9.58798e+08 -17.8322 -1.07236 0.938708 75.336 17.8891 nan
9.58798e+08 -17.7862 -1.10358 0.936239 78.338 17.845 nan
9.58799e+08 -17.7401 -1.13479 0.933765 80.281 17.8008 nan
9.58799e+08 -17.6938 -1.166 0.931286 80.365 17.7567 nan
9.58799e+08 -17.6475 -1.1972 0.928801 83.531 17.7125 nan
9.588e+08 -17.6011 -1.22839 0.926312 85.102 17.6682 nan
9.588e+08 -17.5546 -1.25958 0.923817 84.077 17.6239 nan
9.588e+08 -17.508 -1.29076 0.921316 85.131 17.5796 nan
9.58801e+08 -17.4612 -1.32194 0.918811 87.129 17.5353 nan
9.58801e+08 -17.4144 -1.35311 0.9163 86.874 17.4909 nan
9.58801e+08 -17.3675 -1.38427 0.913783 87.978 17.4465 nan
9.58801e+08 -17.3205 -1.41542 0.911262 88.208 17.4021 nan
9.58802e+08 -17.2733 -1.44656 0.908734 89.673 17.3576 nan
9.58802e+08 -17.2261 -1.4777 0.906202 89.49 17.3131 nan
9.58802e+08 -17.1788 -1.50883 0.903664 89.247 17.2686 nan
9.58803e+08 -17.1313 -1.53995 0.90112 88.717 17.224 nan
9.58803e+08 -17.0838 -1.57106 0.898571 87.907 17.1794 nan
9.58803e+08 -17.0361 -1.60216 0.896016 87.178 17.1348 nan
9.58804e+08 -16.9884 -1.63325 0.893456 89.591 17.0901 nan
9.58804e+08 -16.9405 -1.66433 0.89089 88.249 17.0454 nan
9.58804e+08 -16.8926 -1.6954 0.888319 87.69 17.0007 nan
9.58804e+08 -16.8445 -1.72646 0.885742 85.882 16.9559 nan
9.58805e+08 -16.7963 -1.75751 0.883159 84.388 16.9111 nan
9.58805e+08 -16.748 -1.78855 0.88057 81.52 16.8662 nan
9.58805e+08 -16.6996 -1.81958 0.877976 84.422 16.8214 nan
9.58806e+08 -16.6511 -1.8506 0.875376 80.888 16.7765 nan
9.58806e+08 -16.6025 -1.8816 0.87277 78.357 16.7315 nan
9.58806e+08 -16.5537 -1.91259 0.870158 78.496 16.6866 nan
9.58807e+08 -16.5049 -1.94357 0.86754 77.885 16.6416 nan
9.58807e+08 -16.4559 -1.97454 0.864916 75.304 16.5965 nan
9.58807e+08 -16.4069 -2.00549 0.862287 72.293 16.5515 nan
9.58807e+08 -16.3577 -2.03643 0.859651 72.548 16.5064 nan
9.58808e+08 -16.3084 -2.06736 0.857009 70.971 16.4612 nan
9.58808e+08 -16.259 -2.09827 0.854362 63.028 16.416 nan
9.58808e+08 -16.2094 -2.12917 0.851708 68.431 16.3708 nan
9.58809e+08 -16.1598 -2.16005 0.849048 68.934 16.3256 nan
9.58809e+08 -16.11 -2.19092 0.846382 65.937 16.2803 nan
9.58809e+08 -16.0601 -2.22177 0.84371 61.774 16.235 nan
9.5881e+08 -16.0102 -2.25261 0.841031 57.614 16.1897 nan
9.5881e+08 -15.96 -2.28343 0.838347 56.856 16.1443 nan
